100
496.31895 1.09852 1936.73005
166.32924 1.36258 1323.45726
492.03376 2.47464 795.96108
1.00055 3.20433 1999.41456
339.44351 2.84786 636.28422
490.96135 1.45551 1951.04942
357.00000 2.00000 714.00000
70.44025 3.0829 1150.5
459.062 1.0 2.055
133.0 2.0 494.0
500.00000 3.3164 1698.9896
440.00000 3.00000 488.00000
265.56900 1.23732 955.40318
490.63099 1.45654 1922.42553
493.36752 1.09803 1900.58391
251.22499 2.81064 997.89339
376.08 1.6 1467.0
61.59 1.3027 50.0
149.16259 1.16408 1369.39623
226.27212 1.331 112.0
19.86528 3.91280 1055.06462
146.0 2.0 1652.0
498.45942 1.08624 1984.37026
219.1 3.0 224.587
45.0 3.61 919.551
331.00000 2.00000 662.00000
495.42923 1.17862 1998.36802
492.57908 1.34826 1991.93590
36.63058 1.73300 674.15039
493.64100 1.36584 1977.29539
1.07217 3.98557 1999.23733
164.0 3.0 1940.0
399.00000 2.00000 798.00000
391.5625 3.153 741.0
486.77 1.17197 1881.0
491.94357 1.49013 1963.35916
168.62126 1.74091 1480.83336
305.0 4.0 733.0
496.00410 1.15619 1977.07047
224.0 4.0 493.0
498.66678 1.38613 1941.74268
39.0 2.52157 248.8
356.00000 2.00000 712.00000
498.31107 1.43500 1903.47026
495.35778 1.05914 1969.31995
493.30710 1.35517 1967.41369
425.0 3.0 311.0
175.87620 2.03070 83.10009
450.3022 1.00 272.0
495.41987 1.08947 1942.56484
322.63786 1.89769 1368.96893
56.0 3.0 1738.0
488.0 2.0 1590.0
496.70133 1.43106 1916.33402
155.0366 2.5 1.0
491.84275 1.34012 1943.98708
493.01195 1.43502 1981.63452
492.93615 1.02049 1939.02696
112.0 3.0 882.0
497.09462 1.40701 1958.08178
359.99313 2.14031 491.30026
1.09759 3.16707 1999.38559
1.0 1.52 282.177
50.80168 1.93896 1037.95164
434.00000 2.00000 476.00000
490.26040 1.27835 1980.00551
308.0 3.0 623.0
1.03006 3.84672 1999.56292
497.75610 1.35227 1953.33994
491.34144 1.15053 1957.42658
288.00000 4.00000 295.00000
30.1 4.0000 1621.67
429.14970 1.18584 1874.893
496.35057 1.28751 1903.81657
182.7962 3.2697 2000.00
216.0 3.0 1759.0
381.0 1.81 966.0
493.46150 1.30868 1900.21055
409.19409 1.09878 406.77207
491.88614 1.04013 1946.40227
60.0 1.0 419.0
491.88184 1.01676 1967.81741
492.79822 1.14477 1956.94724
89.85684 2.80613 1019.54963
1.33287 2.62573 2.36466
362.29274 2.49902 375.92415
493.16654 1.07645 1922.70475
495.24716 1.13833 1991.95627
47.903 2.3889 656.0
490.69834 1.12270 1987.79097
276.0 3.0 1814.0
227.21884 3.77367 899.51654
490.68820 1.22171 1996.94810
493.97396 1.40526 1909.94572
84.43364 3.03258 904.05597
495.00000 1.00000 502.00000
147.37542 2.75557 1237.20422
259.55716 2.22465 1568.19936
498.02986 1.23535 1979.45656
498.37463 1.15000 1998.11107
